#UserId
37493762
1423281667
1423544065
1423508994
1423534094
1423243279
21447363
1261217880
1362404370
1416000019
1423437846
268387353
1423504411
1423509030
1423541287
331187244
1330248750
494305332
1423506486
94160441
1423484474
1423490629
622837831
1423508552
183589459
1001290838
1326787160
1415567119
1423512156
1423536733
585997407
997207142
259380839
1147282536
1423505016
26565946
1423542397
1423510656
1423497859
1423502982
16409683
536365710
1423545487
1423496340
76399262
395859640
1423537339
451081916
308171459
1421347016
237350092
322881230
1423518416
813286
228773075
34802902
1423493336
282678489
1423492314
876219619
10228272
1423480554
1423546603
1423536877
89341681
1423239932
251292415
228073216
174246657
350264584
1421575434
1129848588
1423506702
1423522093
1390763054
1308058585
1160312089
1423483676
284473126
1423538989
1423525682
1423520570
1404311875
889350984
1423504716
895454035
1423508310
67556186
1423508834
1256224620
1414033261
1423502234
1420756340
1423530871
1423546753
210247045
524854151
248279435
1359061392
72748945
332839315
312826263
1421427097
753903002
44409004
627434909
1423533470
95736225
27260086
179470763
1423545775
1423504200
200378292
1423509434
1423511484
1415946175
1423507398
1423497162
1072221643
994192844
267220433
1423530962
838151635
1423533014
79293791
1423544281
743053278
17919972
1421087713
1413707238
1413986791
1414058472
128795115
1252449264
966590970
14230524
